L=0.345;
N=836;
D=0.092;
h=0.145;
I=[1.22,1.30,1.40,1.46,1.53];
U=[600,700,800,900,1000];
u=4*pi*10^(-7);
hezhi=((8*pi^2*(L^2+D^2))/((u*N*h)^2))*(U./(I.^2));
