L = 276e-3; %m
n=3018;
r=40e-3; % m
R=56e-3; % m
D=(r+R)/2;    %m
u0=4*pi*1e-7;